-3.535879244579778646e+00
3.039569252968410851e+00
4.037255559922634518e+00
1.341139032715311097e-01
-3.544325504472503052e-01
-2.474907277643823456e+00
-5.315575438669655206e-01
-1.018441963696329555e+00
2.199476950799508501e-01
3.341984613560057493e+00
5.915172985166016195e-01
-7.076760466249667481e+00
2.061642771701508003e+00
3.591337262737135383e-01
-1.474400433274445144e+00
-1.486934436323271269e+00
-4.566578835563648853e-01
5.194781701502060756e+00
2.932973523475691735e+01
1.549937735153380913e+02
1.155167617561159155e+00
-8.006686657022873632e+00
4.703550780472927961e+00
-9.905961027392958584e+00
-1.037229245066108696e+00
-4.497500229733599753e-01
1.462037920051696638e+00
-4.206919315134394211e+00
-3.200844702978680800e+01
4.290552070591096445e+00
-5.340857779902404623e+00
-6.793486528297759897e+00
-1.343837275309298862e+00
5.403926386349311883e+00
-1.064502148130567205e+00
9.127111725426405586e-01
1.674493789447959680e+00
3.149664471188207582e+00
3.973049312989161974e-01
-5.921946764374792060e+00
1.277390777574245284e+01
2.582823501151170209e+00
3.002549335926168350e+00
4.293299237796267320e+00
-7.642430681701279482e+00
3.363581507242753066e+00
-6.382364842703047714e+00
2.972815693389187497e-01
1.721003563350710053e+01
-3.023262694194276623e+00
4.305174244792673299e+00
2.292630553412150496e-01
-1.513469126771180129e+01
4.330004904755447304e-01
2.934468227700258058e+00
1.695231526134190814e+00
-7.165632590151325143e-01
1.077568073620173017e+01
3.048711950328327980e+00
5.072946702164919941e-01
1.022359748766176857e+00
3.349766565123061479e+00
-3.360113584711617918e+00
-7.232596340214259456e+00
2.718149897339369847e+00
-3.464152804235701710e-01
3.622433596857834726e+00
2.170138203028373347e-01
-1.138022712045978224e+01
1.662920838666390733e+00
-2.383182828864574443e+00
5.808716955450591080e+00
-9.042571809840020958e-01
5.708994334686180672e+00
-8.345503052545677036e+00
-1.266049529864187451e-01
9.164451973965599407e+00
1.914472385510894625e+01
-2.812509892234555942e+00
-3.302772700135756967e+00
-8.630289630379759380e-01
-1.425336042989618246e+00
8.876657373107608606e+00
-1.864143360823669227e+01
-7.935704179965603622e+00
-3.528881969001108843e+00
2.666311953644530330e+00
-6.359800196178582610e+00
6.356221217885541508e-01
6.079102847975370594e-01
9.853607742141758052e+00
-2.789795007982668107e+00
-1.120109736214553386e+01
-3.807201760143145819e+00
1.348420084698674470e+00
-8.803870867695104963e-01
-5.479966036253314243e-02
3.329569874055565037e+00
1.530986667342371543e+00
1.252885511339186131e+01
-4.921701139297537608e+00
4.268320462886305400e+00
-4.477335943224709069e+00
1.509598442384731287e+00
-1.686352299991172199e+00
4.010329796504660038e+00
3.436710505983787023e+00
1.264632316717921867e+00
1.706297049937224031e-01
1.562388800319301219e-01
-2.750535729477370683e+00
4.913262533329499249e+00
-4.250871536115630733e-01
-1.628913370257541970e+01
3.584612221733213033e+00
1.222250378650288516e+00
2.755477031173216851e+00
-1.729712215043882839e+00
1.147954294647391738e+00
-7.487535975804536781e-01
-7.071004333019822674e+00
3.399850997079405079e+00
-1.442905736237999292e+01
-5.023289295599270510e+00
5.651733703411323528e-01
7.277797355410331193e+01
1.919197664771758571e+00
3.077107482872600830e+00
-3.176058960051303615e+00
-1.725313843132109781e+01
1.782820109701571676e-01
5.155011526066358485e+00
-2.132617236975689945e+00
6.156843189795104365e+00
-1.005878159379835068e+01
1.076371055764332230e+00
1.819924269153079699e+00
2.682795771526233608e+00
-2.220450086967795755e+01
-1.395340177572593099e+00
-2.433663662583855025e+00
3.306287831825553525e+00
3.599581745361580154e+00
3.315359430048054890e-01
-1.271635784643250000e+00
8.687153534397276999e+00
-1.895656471225569906e+00
-2.600908129985401729e+01
3.143777978857048350e+00
-6.297845421469913663e-02
2.201817778452647811e+00
-2.985363846224788453e+00
-1.939164173838447525e+00
-2.080068514558528037e+00
4.056373511151276645e+00
-8.249677952065443964e-01
-1.534345016208619628e+00
-1.687428617284972177e+00
3.063014622789368424e-01
-1.337514340854124351e+00
3.974418645964046259e+00
2.014997895267952366e+00
2.989543765050487689e+00
8.620230644538214027e-02
-2.588870566765797410e+00
6.598907209371251525e+00
6.380827463815163192e+00
1.178032142179038289e+00
-7.775888204253111891e-01
-2.520812321588163041e+00
-1.589548456190050363e+00
-1.953314768949706848e-01
-2.376563214359867171e+00
-2.956967505791793016e+00
1.800643215694245791e+00
-6.703831017744454890e-01
-1.276702354170447418e+00
-2.345722495033830235e+00
2.362607560922505845e-01
-9.348886315239848699e+00
-5.052324688692491073e+00
-2.018630130546283041e+00
1.750595938402347285e+00
-2.352110896840299947e+00
-7.803604058316211400e-01
-1.421024233987687513e+00
-4.711291511448991720e+00
2.106815311710748428e+00
-2.569151443375516664e+01
1.673380100264501458e+00
-1.011214010804483976e-01
2.503254002935467071e+00
8.661248559446002027e-01
1.423672267045440920e+00
-6.402837157197898144e+00
2.339418151682051583e+00
2.476407150046933570e+00
-4.892725074933771623e+00
3.150374164921779796e-01
-7.209555842515769086e-01
-1.867530229790273566e+01
3.236414892697698065e+01
-7.006704815423181465e+00
-9.340739165889617723e+00
-1.609910442717427337e+00
-1.922556859711777033e+00
1.473857853887369807e+01
3.917573522719012047e+00
2.802423157963467748e+00
-2.833263437281947072e-01
-6.986080219197376984e-01
-3.185176812165963600e+00
