3.988601065274647084e+00
2.164941908486140765e+00
3.659214155177433980e+00
3.173285646967842411e+01
1.034449096213616803e+00
-1.392896279575048135e+00
-2.022900590071008864e+00
-1.810627891545341939e+01
-3.829967993857292807e+00
4.890520398655571199e-01
-4.704847286683331298e+00
-5.322792606034848717e+00
1.325538110596452324e+00
3.551892157361045577e+00
2.572314895775750898e+00
3.590745142962832759e+00
-6.002546997977559196e-01
3.392770484899100936e+00
5.606595911964141088e+00
-3.395147543216759800e+01
3.336484280849799089e-01
3.792314211250787714e+00
2.668703157309655793e+01
4.253178613592703883e+00
1.844186920397205220e+00
8.201841007976868880e-01
-7.777172425268467748e+00
-2.549224577732307928e+00
-1.652153023883327521e+00
1.467573259279935760e+00
-4.058529544850009163e-01
5.919949897446224796e+00
4.832525883131416400e+00
4.205353901625605850e-01
1.594558576666951888e+00
1.983273240153157646e+00
-3.337096879473726574e+00
2.462784787151078181e+00
1.963878776478087396e+00
-1.263765068811582992e+01
-1.154886562573667508e+00
2.254574013006065414e+00
-1.635700827953138425e+00
7.269013347626647192e-01
3.324912693227870530e+00
-8.080913222545878238e-02
2.814373462493350964e+00
-3.400056273458571976e+00
-2.849992156601083337e+01
-5.187865944822497077e+00
-3.173009288677650197e+00
-1.406099941292104694e+00
2.260431961903891285e+00
6.572396066096680700e-02
-8.086040299809987175e+00
-2.558517810902743772e+00
1.820245800443461626e+00
-9.417882044920792284e-01
-2.303757310383717005e+00
-5.551133381553087887e+00
1.885285551030991824e+00
1.376457363606973239e-01
-9.817900639114893191e-02
-5.157224174824213137e-01
-3.924203603325305600e+00
-4.818086540127488604e+00
2.454008119607968386e+00
2.267195256779330759e+00
4.004214338348514701e+00
-6.536776189222094358e-01
2.196664647780290913e+00
-1.140662497117878593e-01
4.927043705829173281e-01
3.690208211873607369e-01
-2.584562814082350446e+00
-1.465465634917518578e+00
2.336857094472452601e-01
7.456235449243161284e+00
1.834909842247935408e-01
-7.615231380109996451e+00
1.288287961506412005e+00
8.416868288634009598e-01
2.992920836195261391e-01
5.384501540141768405e-01
-3.238134267592523763e+00
-2.119369492899460283e+01
1.253758899243803127e+00
-1.544738735065322555e+00
-2.291829329824469852e+00
1.410383266985856920e+00
2.298961714995246541e-01
3.517439700587052798e-01
1.971289665383554768e+00
7.622767051836993879e-01
1.392584187115346372e+00
6.810813370213826268e-01
-1.340646459590580930e+00
